[gd_scene load_steps=7 format=3 uid="uid://dhwiue3jupmtq"]

[ext_resource type="Script" path="res://components/level/Arena.gd" id="1_7o1qr"]
[ext_resource type="PackedScene" uid="uid://1u7itlvvelc7" path="res://components/models/ArenaModel.tscn" id="1_xxgve"]
[ext_resource type="PackedScene" uid="uid://bm7cfy5nwksgl" path="res://components/level/layouts/HillAndPillars.tscn" id="3_1ggsb"]
[ext_resource type="PackedScene" uid="uid://b34wrd56m1htn" path="res://components/level/layouts/IceAndMud.tscn" id="4_xos5d"]
[ext_resource type="PackedScene" uid="uid://u1456d7fuisa" path="res://res/models/environments/grass.glb" id="5_srfdn"]

[sub_resource type="PrismMesh" id="PrismMesh_fp64p"]

[node name="Arena" type="Node3D"]
script = ExtResource("1_7o1qr")

[node name="ArenaModel" parent="." instance=ExtResource("1_xxgve")]

[node name="TopDirectionIndicator" type="MeshInstance3D" parent="."]
transform = Transform3D(-4.37114e-08, 1, 0, 4.37114e-08, 1.91069e-15, -1, -1, -4.37114e-08, -4.37114e-08, 16, 0, 0)
mesh = SubResource("PrismMesh_fp64p")

[node name="HillAndPillars" parent="." instance=ExtResource("3_1ggsb")]

[node name="IceAndMud" parent="." instance=ExtResource("4_xos5d")]

[node name="grass" parent="." instance=ExtResource("5_srfdn")]
transform = Transform3D(0.836707, 0, -0.547651, 0, 1, 0, 0.547651, 0, 0.836707, -1.66572, 0, -2.10532)

[node name="grass2" parent="." instance=ExtResource("5_srfdn")]
transform = Transform3D(0.908099, 0, 0.418755, 0, 1, 0, -0.418755, 0, 0.908099, -1.66572, 0, 1.7696)

[node name="grass3" parent="." instance=ExtResource("5_srfdn")]
transform = Transform3D(0.944175, 0, -0.329443, 0, 1, 0, 0.329443, 0, 0.944175, 6.32146, 0, -2.10532)

[node name="grass4" parent="." instance=ExtResource("5_srfdn")]
transform = Transform3D(0.545268, 0, -0.838262, 0, 1, 0, 0.838262, 0, 0.545268, -1.66572, 0, -2.97333)

[node name="grass5" parent="." instance=ExtResource("5_srfdn")]
transform = Transform3D(0.942233, 0, 0.334958, 0, 1, 0, -0.334958, 0, 0.942233, -3.09961, 0, -2.10532)
