[gd_scene load_steps=6 format=3 uid="uid://bm7cfy5nwksgl"]

[ext_resource type="PackedScene" uid="uid://d0q8hy3sbappy" path="res://components/level/layouts/structures/OmniRamp.tscn" id="1_xdtbd"]
[ext_resource type="PackedScene" uid="uid://bf40k4oc28qf3" path="res://components/level/layouts/structures/Arch.tscn" id="2_y6p5k"]
[ext_resource type="PackedScene" uid="uid://prbjd4uvyjf4" path="res://components/level/layouts/hazards/Ice.tscn" id="6_xtn7e"]
[ext_resource type="PackedScene" uid="uid://bwackbctssk8e" path="res://components/level/layouts/structures/PillarIonic.tscn" id="7_4rydk"]
[ext_resource type="PackedScene" uid="uid://cbgb4ggngsgmy" path="res://components/level/layouts/structures/PillarTuscan.tscn" id="8_o34tw"]

[node name="HillAndPillars" type="Node3D"]

[node name="Ice" parent="." instance=ExtResource("6_xtn7e")]
transform = Transform3D(6.67, 0, 0, 0, 1, 0, 0, 0, 6.67, 1.3484, 0.04, -5.54062)
size = 6.67

[node name="OmniRamp" parent="." instance=ExtResource("1_xdtbd")]

[node name="Arch" parent="." instance=ExtResource("2_y6p5k")]
transform = Transform3D(0.602163, 0, 0.798373, 0, 1, 0, -0.798373, 0, 0.602163, 4.5, 0, -5.5)

[node name="PillarIonic" parent="." instance=ExtResource("7_4rydk")]
transform = Transform3D(0.762804, 0, 0.64663, 0, 1, 0, -0.64663, 0, 0.762804, 4.73978, 0, 9.7724)

[node name="PillarIonic2" parent="." instance=ExtResource("7_4rydk")]
transform = Transform3D(0.197794, 0, -0.980244, 0, 1, 0, 0.980244, 0, 0.197794, -7.17896, 0, 8.051)

[node name="PillarTuscan" parent="." instance=ExtResource("8_o34tw")]
transform = Transform3D(1, -2.02272e-08, 1.49012e-08, 2.02272e-08, 1, -6.98492e-09, -1.49012e-08, 6.98492e-09, 1, -2.42609, 0, 12.6892)

[node name="PillarIonic3" parent="." instance=ExtResource("7_4rydk")]
transform = Transform3D(0.6793, 0, -0.73386, 0, 1, 0, 0.73386, 0, 0.6793, -6.77953, 0, -6.25)

[node name="PillarIonic4" parent="." instance=ExtResource("7_4rydk")]
transform = Transform3D(-0.820332, 0, -0.571888, 0, 1, 0, 0.571888, 0, -0.820332, -4.28361, 0, -9.78185)

[node name="PillarTuscan2" parent="." instance=ExtResource("8_o34tw")]
transform = Transform3D(1, -4.04543e-08, 2.98023e-08, 4.04543e-08, 1, -1.39698e-08, -2.98023e-08, 1.39698e-08, 1, -3.36208, -1.78888e-07, -6.91275)
